2010 5 15 12 0.5 20.0 10.0 5.0 1
2011 6 16 14 0.7 25.0 12.0 6.0 2
2012 7 17 16 1.0 30.0 15.0 7.0 3
2013 8 18 18 0.3 18.0 8.0 4.0 1
2014 9 19 20 0.6 22.0 11.0 5.5 2
2015 10 20 22 0.8 28.0 13.0 6.5 3
2016 11 21 0 0.9 35.0 18.0 8.0 1
2017 12 22 2 1.2 40.0 20.0 10.0 2
2018 1 23 4 1.5 45.0 25.0 12.0 3
2019 2 24 6 0.4 15.0 9.0 3.5 1
2020 3 25 8 0.6 20.0 12.0 5.0 2
2021 4 26 10 0.7 25.0 15.0 6.0 3
2022 5 27 12 1.0 30.0 18.0 7.0 1
2023 6 28 14 1.2 35.0 20.0 8.0 2
2024 7 29 16 0.5 18.0 10.0 5.0 3
2018 3 12 1 0.76 66.16 10.92 11.65 0
2018 3 12 2 0.77 48.99 10.65 7.57 0
2018 3 12 3 0.73 36.39 10.46 9.49 0
2018 3 12 4 0.71 26.61 10.31 11.51 0
2018 3 12 5 0.63 31.07 10.04 8.53 0
2018 3 12 6 0.48 70.85 9.94 10.43 0
2018 3 12 7 0.31 71.52 9.84 10.99 0
2018 3 12 8 0.16 85.74 9.77 14.1 0
2018 3 12 9 0.14 99.21 9.54 14.64 0
2018 3 12 10 0.15 90.33 9.22 11.92 0
2018 3 12 11 0.17 84.37 8.94 0 0
2018 3 12 12 0.18 0 8.62 11.55 0
2018 3 12 13 0.18 64.41 8.42 10.79 0
2018 3 12 14 0.18 71.67 8.38 13.84 0
2018 3 12 15 0.18 98.48 8.46 13.42 0
2018 3 12 16 0.17 82.43 8.56 12.36 0
2018 3 12 17 0.15 86.85 8.68 10.62 0
2018 3 12 18 0.15 100.2 8.72 10.49 0
2018 3 12 19 0.15 97.58 8.66 10.47 0
2018 3 12 20 0.18 103.48 8.76 13.78 0
2018 3 12 21 0.27 104.72 8.7 12.62 0
2018 3 12 22 0.33 85.7 8.57 10.75 0
2018 3 12 23 0.37 84.78 8.37 11.53 0
2018 3 12 24 0.38 60.44 7.96 8.43 0
2018 3 13 21 0.03 41.58 5.35 6.09 0
2018 3 13 22 0.03 35.65 4.99 5.7 0
2018 3 13 23 0.04 27.7 4.71 5.58 0
2018 3 13 24 0.05 25.44 4.65 5.4 0
2018 3 14 1 0.07 29.21 4.5 5.34 0
2018 3 14 2 0.09 22.78 4.33 5.48 0
2018 3 14 3 0.1 13.33 4.15 5.31 0
2018 3 14 4 0.11 13.01 3.98 5.4 0
2018 3 14 5 0.13 16.99 3.89 5.57 0
2018 3 14 6 0.15 29.77 3.81 5.72 0
2018 3 14 7 0.17 38.56 3.75 5.7 0
2018 3 14 8 0.2 59.92 3.7 6.37 0
